U 1 07 01
U 1 15 02
U 2 03 03
U 2 08 04
U 1 12 05
U 2 05 06
U 2 06 07
U 1 22 08
U 1 14 09
U 1 08 10
U 1 18 11
U 1 13 12
U 1 17 13
U 2 12 14
U 1 04 15
U 1 20 16
U 1 09 17
U 2 11 18
U 2 13 19
U 2 10 20
U 2 03 21
U 1 19 22
U 2 01 23
U 1 21 24
U 1 05 25
U 1 16 26
U 1 02 27
U 2 02 28
U 1 10 29
U 1 06 30
U 2 07 31
U 1 01 32
U 1 03 33
U 1 16 01
U 1 10 02
U 1 09 03
U 2 10 04
U 2 11 05
U 1 22 06
U 1 19 07
U 1 06 08
U 2 04 09
U 1 03 10
U 1 04 11
U 2 03 12
U 2 05 13
U 2 07 14
U 1 15 15
U 1 12 16
U 2 08 17
U 2 12 18
U 1 01 19
U 2 01 20
U 1 22 01
U 2 09 02
U 2 05 03
U 2 07 04
U 1 07 05
U 1 10 06
U 2 06 07
U 2 08 08
U 2 04 09
U 2 03 10
U 1 02 11
U 1 06 12
U 1 14 13
U 1 16 14
U 2 11 15
U 1 12 16
U 1 13 17
U 1 11 18
U 1 08 19
U 2 13 20
U 1 05 21
U 1 21 22
U 2 01 23
U 2 10 24
U 2 12 25
U 2 02 26
U 1 19 27
U 1 09 28
U 1 17 29
U 1 20 30
U 1 03 31
U 1 15 32
U 1 01 33
U 1 04 34
U 1 10 01
U 1 16 02
U 2 03 03
U 2 22 04
U 2 05 05
U 2 24 06
U 2 07 07
U 1 32 08
U 1 09 09
U 1 24 10
U 1 15 11
U 1 05 12
U 1 07 13
U 1 17 14
U 1 04 15
U 1 19 16
U 1 02 17
U 2 12 18
U 1 11 19
U 1 13 20
U 2 09 21
U 1 08 22
U 1 22 23
U 1 14 24
U 2 02 25
U 2 01 26
U 2 11 27
U 1 20 28
U 1 21 29
U 2 13 30
U 2 06 31
U 2 04 32
U 2 10 33
U 1 18 34
U 1 12 35
U 1 06 36
U 1 03 37
U 1 02 38
U 1 01 39
U 2 27 40
U 1 01 01
U 1 02 02
U 1 03 03
U 2 04 04
U 1 05 05
U 1 06 06
U 2 07 07
U 2 08 08
U 2 09 09
U 2 10 10
U 1 11 11
U 1 12 12
U 1 13 13
U 1 14 14
U 1 15 15
U 1 16 16
U 1 17 17
U 2 18 18
U 2 19 19
U 2 20 20
U 1 21 21
U 1 22 22
U 1 23 23
U 1 24 24
U 1 25 25
U 2 26 26
U 2 27 27
U 1 28 28
U 2 29 29
U 1 30 30
U 1 31 31
U 1 32 32
U 2 33 33
U 1 20 01
U 1 18 02
U 2 12 03
U 1 08 04
U 1 02 05
U 1 17 06
U 1 06 07
U 2 01 08
U 2 07 09
U 1 15 10
U 1 12 11
U 2 02 12
U 1 22 13
U 2 10 14
U 1 16 15
U 1 03 16
U 2 12 17
U 2 03 18
U 2 05 19
U 2 04 20
U 1 10 21
U 1 14 22
U 1 07 23
U 2 11 24
U 1 07 01
U 1 15 02
U 1 02 03
U 1 17 04
U 2 12 05
U 2 05 06
U 2 07 07
U 1 10 08
U 1 16 09
U 1 08 10
U 1 14 11
U 1 13 12
U 2 03 13
U 1 22 14
U 2 08 15
U 1 18 16
U 2 06 17
U 1 20 18
U 2 01 19
U 2 02 20
U 2 10 21
U 1 05 22
U 2 04 23
U 1 06 24
U 1 04 25
U 1 23 26
U 2 11 27
U 1 11 28
U 1 24 29
U 1 26 30
U 1 01 31
U 1 03 32
U 1 19 33
U 1 21 34
U 1 04 01
U 1 02 02
U 1 05 03
U 2 04 04
U 2 01 05
U 1 06 06
U 1 09 07
U 2 05 08
U 2 03 09
U 2 02 10
U 2 07 11
U 1 09 12
U 1 07 13
U 2 11 14
U 2 18 15
U 2 10 16
U 1 28 17
U 1 44 18
U 1 23 19
U 1 22 20
U 2 34 21
U 2 41 22
U 1 42 23
U 1 26 24
U 1 28 25
U 1 32 26
U 1 22 27
U 2 37 28
U 2 22 29
U 2 14 30
U 2 28 31
U 1 20 32
U 1 27 33
U 2 30 34
U 2 31 35
U 2 16 36
U 2 31 37
U 2 38 38
U 2 23 39
U 2 12 40
U 1 07 01
U 1 01 02
U 1 04 03
U 1 15 04
U 1 03 05
U 1 10 06
U 2 05 07
U 2 07 08
U 2 09 09
U 1 02 10
U 2 03 11
U 2 04 12
U 2 08 13
U 2 06 14
U 1 06 15
U 1 16 16
U 1 13 17
U 2 11 18
U 1 11 19
U 1 05 20
U 2 13 21
U 1 08 22
U 1 21 23
U 2 01 24
U 2 10 25
U 2 12 26
U 2 02 27
U 1 09 28
U 1 17 29
U 1 20 30
U 1 03 31
U 1 45 32
U 2 31 33
U 1 27 34
U 1 35 35
U 1 39 36
U 2 20 37
U 2 22 38
U 2 23 39
U 2 25 40
U 2 27 41
U 1 15 42
U 2 13 43
U 1 25 44
U 1 10 01
U 1 24 01
U 1 30 01
U 1 16 01
U 2 07 01
U 2 21 01
U 2 24 01
U 2 22 01
U 1 32 01
U 2 05 01
U 1 01 01
U 1 02 01
U 1 03 01
U 1 04 01
U 1 05 01
U 1 06 01
U 1 07 01
U 1 08 01
U 2 01 01
U 2 02 01
U 1 11 01
U 1 12 01
U 2 25 01
U 2 26 02
U 1 19 03
U 1 20 04
U 1 26 05
U 1 34 06
U 2 14 07
U 1 21 08
U 2 12 09
U 2 13 10
U 2 23 11
U 2 38 12
U 1 28 13
U 1 31 14
U 1 08 15
U 1 35 16
U 2 31 17
U 2 27 18
U 2 20 19
U 1 42 20
U 1 06 21
U 1 03 22
U 2 09 23
U 2 17 24
U 2 04 25
U 1 33 26
U 2 39 27
U 2 29 28
U 2 22 29
U 1 15 30
U 1 12 30
U 1 31 01
U 2 25 02
U 1 21 03
U 1 19 04
U 2 12 05
U 2 19 06
U 2 23 07
U 1 20 08
U 1 28 09
U 1 34 10
U 1 27 11
U 2 26 12
U 2 31 13
U 2 13 14
U 2 28 15
U 1 39 16
U 1 15 17
U 1 01 18
U 2 05 19
U 2 10 20
U 1 12 21
U 2 15 22
U 1 24 23
U 2 34 24
U 1 35 25
U 2 09 26
U 2 33 27
U 2 24 28
U 1 16 29
U 1 23 30
U 2 22 01
U 2 03 02
U 1 39 03
U 1 12 04
U 1 30 05
U 2 05 06
U 1 02 07
U 1 24 08
U 2 08 09
U 1 04 10
U 1 03 11
U 2 24 12
U 1 10 13
U 2 17 14
U 2 19 15
U 2 21 16
U 1 33 17
U 1 09 18
U 1 15 19
U 1 32 20
U 2 36 21
U 2 04 22
U 2 18 23
U 1 08 24
U 1 20 25
U 2 11 26
U 1 34 27
U 2 15 28
U 2 27 29
U 2 33 30
U 2 14 01
U 2 12 02
U 1 34 03
U 1 19 04
U 2 19 05
U 2 28 06
U 1 20 07
U 2 31 08
U 1 21 09
U 1 38 10
U 1 27 11
U 1 35 12
U 2 22 13
U 2 37 14
U 2 06 15
U 1 03 16
U 2 09 17
U 2 35 18
U 2 08 19
U 1 26 20
U 2 25 21
U 2 05 22
U 2 34 23
U 1 04 24
U 1 07 25
U 1 15 26
U 2 13 27
U 2 33 28
U 2 30 29
U 2 16 30
U 1 16 01
U 1 11 02
U 2 12 03
U 2 37 04
U 1 42 05
U 2 31 06
U 2 24 07
U 2 06 08
U 1 22 09
U 1 32 10
U 2 03 11
U 2 39 12
U 1 04 13
U 1 02 14
U 1 01 15
U 2 18 16
U 2 08 17
U 2 30 18
U 2 19 19
U 1 31 20
U 1 34 21
U 1 44 22
U 2 13 23
U 2 15 24
U 2 16 25
U 1 20 26
U 1 29 27
U 1 39 28
U 2 34 29
U 2 22 30
U 2 19 01
U 2 26 02
U 1 19 03
U 1 20 04
U 1 26 05
U 1 27 06
U 1 08 08
U 1 35 09
U 2 31 10
U 2 27 11
U 2 23 12
U 2 38 13
U 2 13 14
U 1 28 15
U 1 31 16
U 2 14 17
U 1 03 18
U 2 39 19
U 2 29 20
U 2 22 21
U 1 15 22
U 1 12 23
U 1 21 24
U 2 12 25
U 1 42 26
U 1 06 27
U 2 09 28
U 2 17 29
U 2 04 30
U 1 19 01
U 2 25 02
U 2 33 03
U 1 29 04
U 1 35 05
U 2 13 06
U 1 88 07
U 2 23 08
U 1 35 09
U 2 19 10
U 2 10 11
U 2 16 12
U 1 06 13
U 1 11 14
U 2 26 15
U 2 14 16
U 2 12 17
U 1 21 18
U 1 03 19
U 2 41 20
U 1 34 01
U 2 13 02
U 1 27 03
U 1 26 04
U 1 20 05
U 2 17 06
U 1 31 07
U 1 10 08
U 2 25 09
U 2 19 10
U 2 14 11
U 2 12 12
U 1 19 13
U 2 23 14
U 2 18 15
U 2 29 16
U 2 21 17
U 1 08 18
U 1 25 19
U 1 35 20
U 1 44 21
U 2 11 22
U 2 15 23
U 2 27 24
U 2 31 25
U 2 01 26
U 1 04 27
U 2 07 28
U 1 45 29
U 2 38 30
U 1 11 01
U 2 27 02
U 1 18 03
U 1 45 04
U 1 07 05
U 2 06 06
U 2 34 07
U 2 30 08
U 1 36 09
U 2 11 10
U 2 24 11
U 2 27 12
U 2 25 13
U 1 30 14
U 1 28 15
U 1 26 16
U 1 31 17
U 1 27 18
U 1 24 19
U 2 26 20
U 1 29 21
U 1 20 22
U 1 22 23
U 1 17 24
U 2 29 25
U 1 21 26
U 1 19 27
U 1 35 28
U 1 38 29
U 1 40 30
U 1 42 01
U 2 39 02
U 1 22 03
U 2 18 04
U 1 06 05
U 1 11 06
U 2 12 07
U 2 37 08
U 2 08 09
U 2 30 10
U 2 19 11
U 1 31 12
U 1 34 13
U 1 16 14
U 1 10 15
U 1 09 16
U 2 10 17
U 2 11 18
U 2 13 19
U 1 27 20
U 1 26 21
U 1 04 22
U 2 07 23
U 1 45 24
U 2 38 25
U 2 29 26
U 2 21 27
U 1 08 28
U 1 25 29
U 1 35 30
U 2 16 01
U 1 20 02
U 2 19 04
U 1 04 05
U 2 01 06
U 2 06 07
U 2 27 08
U 2 28 09
U 1 05 10
U 1 14 11
U 2 30 12
U 1 31 13
U 1 02 14
U 1 17 15
U 2 34 16
U 2 07 17
U 2 09 18
U 2 10 19
U 1 18 20
U 2 21 21
U 1 25 22
U 1 32 23
U 1 33 24
U 1 42 25
U 2 36 26
U 1 30 27
U 1 26 28
U 1 16 29
U 2 11 30
U 2 26 31
U 2 13 32
U 1 35 33
U 2 05 34
U 2 04 35
U 2 39 36
U 2 17 37
U 1 29 38
U 1 39 39
U 2 38 40
U 1 23 01
U 2 27 02
U 2 25 03
U 1 40 04
U 1 13 05
U 1 28 06
U 2 05 07
U 2 08 08
U 2 38 09
U 1 18 10
U 2 35 11
U 2 03 12
U 2 28 13
U 2 20 14
U 2 31 15
U 2 12 16
U 1 32 17
U 2 39 18
U 2 19 19
U 2 16 20
U 1 01 21
U 1 24 22
U 2 29 23
U 1 15 24
U 2 01 25
U 2 23 26
U 2 18 27
U 1 22 28
U 1 11 29
U 1 17 30
U 1 31 31
U 1 19 32
U 1 03 33
U 2 09 34
U 1 21 35
U 1 09 36
U 1 08 37
U 2 10 38
U 2 36 39
U 2 06 40
U 1 30 01
U 1 09 02
U 2 05 03
U 2 22 04
U 1 24 05
U 2 16 06
U 1 10 07
U 2 01 08
U 1 32 09
U 1 06 10
U 2 03 11
U 2 27 12
U 2 06 13
U 2 24 14
U 2 21 15
U 1 25 16
U 1 17 17
U 2 20 18
U 2 08 19
U 1 03 20
U 1 01 21
U 1 04 22
U 1 36 23
U 2 09 24
U 2 11 25
U 1 31 26
U 2 04 27
U 1 22 28
U 1 14 29
U 1 02 30
U 2 02 31
U 2 10 32
U 2 35 33
U 1 42 34
U 1 20 35
U 2 13 36
U 2 12 37
U 1 34 38
U 2 15 39
U 1 15 40
U 2 22 01
U 2 24 02
U 1 32 03
U 2 01 04
U 1 09 05
U 1 24 06
U 1 16 07
U 1 30 08
U 1 03 09
U 2 21 10
U 1 14 11
U 2 08 12
U 2 07 13
U 2 10 14
U 1 15 15
U 1 08 16
U 1 07 17
U 2 11 18
U 2 03 19
U 1 01 20
U 1 05 21
U 1 02 22
U 2 12 23
U 2 08 24
U 1 18 25
U 1 21 26
U 1 12 27
U 1 03 01
U 1 15 02
U 2 16 03
U 1 18 04
U 1 23 05
U 1 08 06
U 2 09 07
U 2 27 08
U 2 12 09
U 2 01 10
U 1 13 11
U 1 22 12
U 2 19 13
U 1 40 14
U 2 28 15
U 2 06 16
U 2 25 17
U 2 29 18
U 2 38 19
U 2 34 20
U 1 31 21
U 1 01 22
U 1 09 23
U 1 17 24
U 2 39 25
U 2 10 26
U 1 32 27
U 2 23 28
U 1 21 29
U 2 03 30
U 1 28 31
U 1 11 32
U 2 18 33
U 2 05 34
U 1 19 35
U 1 24 36
U 2 20 37
U 2 35 38
U 2 31 39
U 2 36 40
U 1 31 01
U 2 26 02
U 2 14 03
U 1 27 04
U 1 26 05
U 1 34 06
U 1 19 07
U 1 21 08
U 2 19 09
U 2 13 10
U 2 23 11
U 1 06 12
U 1 42 13
U 2 25 14
U 1 33 15
U 1 03 16
U 2 31 17
U 1 14 18
U 2 20 19
U 1 09 20
U 2 38 21
U 1 35 22
U 1 15 23
U 2 17 24
U 2 04 25
U 1 08 26
U 2 39 27
U 2 29 28
U 1 38 29
U 1 01 30
U 1 45 01
U 1 04 02
U 2 31 03
U 2 15 04
U 1 25 05
U 1 44 06
U 2 21 07
U 2 18 08
U 1 19 09
U 2 14 10
U 2 25 11
U 1 31 12
U 1 20 13
U 1 27 14
U 1 34 15
U 2 26 16
U 1 26 17
U 1 21 18
U 2 12 19
U 2 23 20
U 2 38 21
U 1 28 22
U 1 35 23
U 1 42 24
U 2 17 25
U 2 29 26
U 2 39 27
U 1 12 28
U 2 04 29
U 2 22 30
U 1 27 01
U 1 08 02
U 1 15 03
U 1 04 04
U 1 10 05
U 1 35 06
U 1 19 07
U 1 20 08
U 2 06 09
U 1 30 10
U 2 08 11
U 2 10 12
U 2 12 13
U 1 21 14
U 2 14 15
U 1 25 16
U 2 15 17
U 2 19 18
U 2 30 19
U 2 29 20
U 2 18 21
U 2 21 22
U 1 38 23
U 1 24 24
U 2 26 25
U 2 31 26
U 1 40 27
U 2 36 28
U 1 22 29
U 2 35 30
U 2 41 31
U 2 23 32
U 2 37 33
U 1 39 34
U 2 37 35
U 2 39 36
U 1 45 37
U 1 17 38
U 1 44 39
U 2 38 40
U 1 36 01
U 1 44 02
U 2 08 03
U 1 34 04
U 2 19 05
U 2 02 06
U 1 45 07
U 1 31 08
U 1 15 09
U 1 07 10
U 2 06 11
U 2 10 12
U 1 25 13
U 2 25 14
U 2 41 15
U 2 12 16
U 1 47 17
U 1 42 18
U 2 05 19
U 2 16 20
U 1 35 21
U 2 04 22
U 2 15 23
U 1 23 24
U 1 14 25
U 1 06 26
U 1 01 27
U 2 11 28
U 1 39 29
U 2 21 30
U 1 31 01
U 2 25 02
U 1 21 03
U 1 19 04
U 2 12 05
U 2 19 06
U 1 34 07
U 1 20 08
U 1 28 09
U 2 23 10
U 1 27 11
U 2 26 12
U 2 31 13
U 2 13 14
U 2 28 15
U 1 39 16
U 1 15 17
U 1 01 18
U 1 35 19
U 2 10 20
U 1 12 21
U 2 15 22
U 1 24 23
U 2 34 24
U 2 05 25
U 1 23 26
U 2 33 27
U 2 24 28
U 1 16 29
U 2 09 30
U 1 04 01
U 1 02 02
U 1 40 03
U 1 08 04
U 2 13 05
U 1 30 06
U 1 12 07
U 2 11 08
U 2 30 09
U 1 01 10
U 1 05 11
U 1 44 12
U 1 42 13
U 2 33 14
U 2 26 15
U 1 18 16
U 2 02 17
U 2 06 18
U 1 16 19
U 2 10 20
U 2 34 21
U 2 07 22
U 2 08 23
U 2 04 24
U 1 06 25
U 1 46 26
U 2 25 01
U 2 26 02
U 1 31 03
U 1 27 04
U 1 26 05
U 1 21 06
U 1 19 07
U 1 34 08
U 2 19 09
U 2 13 10
U 2 23 11
U 2 14 12
U 1 03 13
U 1 09 14
U 1 33 15
U 1 42 16
U 2 31 17
U 1 14 18
U 2 20 19
U 1 38 20
U 2 38 21
U 1 35 22
U 1 15 23
U 2 17 24
U 2 04 25
U 1 01 26
U 1 06 27
U 2 29 28
U 1 08 30
U 1 04 01
U 1 02 02
U 2 39 03
U 2 38 04
U 1 40 05
U 1 12 06
U 1 42 07
U 2 36 08
U 2 04 09
U 2 16 10
U 1 16 11
U 1 06 12
U 1 19 13
U 2 08 14
U 1 03 15
U 1 01 16
U 2 06 17
U 1 33 18
U 1 35 19
U 2 29 20
U 1 05 21
U 2 17 22
U 1 44 23
U 2 11 24
U 1 46 25
U 1 42 01
U 1 04 02
U 2 18 03
U 1 06 04
U 1 22 05
U 1 40 06
U 2 02 07
U 2 12 08
U 1 34 09
U 2 08 10
U 1 12 11
U 2 23 12
U 2 24 13
U 2 25 14
U 2 26 15
U 2 11 16
U 2 13 18
U 2 14 19
U 1 23 20
U 1 24 21
U 1 25 22
U 1 33 23
U 2 07 24
U 1 39 25
U 2 20 26
U 2 22 27
U 2 36 28
U 2 37 29
U 2 38 30
U 1 10 01
U 1 34 02
U 1 09 03
U 1 30 04
U 1 23 05
U 1 39 06
U 2 07 07
U 2 08 08
U 2 22 09
U 2 30 10
U 2 28 11
U 2 21 12
U 1 04 13
U 1 33 14
U 2 37 15
U 1 16 16
U 1 03 17
U 2 16 18
U 2 31 19
U 1 20 20
U 2 03 21
U 1 32 22
U 2 10 23
U 2 12 24
U 2 05 25
U 2 37 26
U 1 31 27
U 1 44 28
U 1 19 29
U 2 02 30
U 1 07 31
U 1 11 32
U 1 13 33
U 2 19 34
U 1 18 35
U 2 15 36
U 2 26 37
U 2 36 38
U 1 21 39
U 1 38 40
U 1 20 01
U 2 13 02
U 1 19 03
U 2 25 04
U 2 19 05
U 1 26 06
U 2 26 07
U 2 12 08
U 2 33 09
U 1 38 10
U 1 35 11
U 2 31 12
U 2 28 13
U 1 39 14
U 2 37 15
U 1 33 16
U 2 06 17
U 2 39 18
U 2 34 19
U 1 02 20
U 2 08 21
U 1 34 22
U 1 44 23
U 1 07 24
U 1 09 25
U 2 14 26
U 2 27 27
U 1 32 28
U 1 22 29
U 1 17 30
U 1 15 31
U 2 29 32
U 1 06 33
U 1 16 34
U 2 05 35
U 2 38 36
U 1 27 37
U 1 21 38
U 2 03 39
U 2 16 40
U 1 44 01
U 1 42 02
U 1 43 03
U 1 03 04
U 1 06 05
U 1 46 06
U 2 01 07
U 2 35 08
U 1 01 09
U 1 22 10
U 1 25 11
U 2 29 12
U 1 07 13
U 1 17 14
U 1 14 15
U 1 35 16
U 2 09 17
U 2 10 18
U 1 18 19
U 2 21 20
U 2 07 21
U 1 38 22
U 2 19 23
U 1 39 24
U 2 41 25
U 2 38 26
U 2 25 27
U 2 13 28
U 1 15 29
U 2 18 30
U 1 34 31
U 1 36 32
U 2 42 33
U 2 43 34
U 2 14 35
U 2 24 36
U 2 31 37
U 1 42 38
U 1 19 39
U 1 21 40
U 1 05 01
U 1 02 02
U 1 01 03
U 1 04 04
U 1 03 05
U 1 22 06
U 1 23 07
U 1 17 08
U 1 18 09
U 1 19 10
U 1 20 11
U 1 21 12
U 1 24 13
U 1 25 14
U 1 26 15
U 1 33 16
U 1 07 17
U 1 08 18
U 1 09 19
U 1 10 20
U 1 11 21
U 1 12 22
U 1 13 23
U 1 14 24
U 1 15 25
U 1 16 26
U 1 27 27
U 1 28 28
U 1 39 29
U 1 40 30
U 1 41 31
U 1 30 32
U 1 31 33
U 1 32 34
U 1 44 35
U 1 45 36
U 1 42 37
U 1 34 38
U 1 35 39
U 1 36 40
U 1 05 01
U 1 02 02
U 1 17 03
U 1 03 04
U 1 22 05
U 1 23 06
U 1 04 07
U 1 18 08
U 1 19 09
U 1 20 10
U 1 27 11
U 1 24 12
U 1 25 13
U 1 26 14
U 1 33 15
U 1 07 16
U 1 08 17
U 1 09 18
U 1 10 19
U 1 11 20
U 1 42 21
U 1 13 22
U 1 14 23
U 1 15 24
U 1 16 25
U 1 21 26
U 1 28 27
U 1 39 28
U 1 40 29
U 1 41 30
U 1 30 31
U 1 31 32
U 1 32 33
U 1 44 34
U 1 45 35
U 1 34 36
U 1 35 37
U 1 36 38
U 1 38 39
U 1 12 40
U 2 20 01
U 2 18 02
U 1 04 03
U 2 12 04
U 1 42 05
U 1 40 06
U 2 02 07
U 1 06 08
U 1 34 09
U 2 08 10
U 1 12 11
U 2 23 12
U 2 24 13
U 2 25 14
U 2 26 15
U 2 11 16
U 2 13 18
U 2 14 19
U 1 24 20
U 1 23 21
U 1 25 22
U 1 33 23
U 2 07 24
U 1 39 25
U 2 39 26
U 2 22 27
U 2 36 28
U 2 37 29
U 2 38 30
U 2 02 01
U 1 06 02
U 1 05 03
U 1 25 04
U 1 40 05
U 1 26 06
U 1 24 07
U 2 35 08
U 1 17 09
U 2 41 10
U 1 10 11
U 1 32 12
U 1 08 13
U 2 05 14
U 1 19 15
U 2 04 16
U 1 12 17
U 2 07 18
U 1 27 19
U 2 22 20
U 1 22 21
U 2 18 22
U 1 14 23
U 2 33 24
U 2 12 25
U 1 38 26
U 2 15 27
U 1 18 28
U 2 03 29
U 1 44 30
U 1 42 31
U 1 41 32
U 1 07 33
U 1 01 34
U 2 14 35
U 1 09 36
U 2 16 37
U 2 25 38
U 1 28 39
U 2 31 40
U 1 06 01
U 1 08 02
U 2 04 03
U 2 10 04
U 2 12 05
U 1 11 06
U 1 02 07
U 1 19 08
U 1 21 09
U 2 25 10
U 2 28 11
U 1 27 12
U 1 32 13
U 2 33 14
U 2 41 15
U 2 26 16
U 2 27 17
U 2 06 18
U 1 40 19
U 1 30 20
U 1 15 21
U 1 12 22
U 2 01 23
U 2 28 24
U 2 05 25
U 1 20 26
U 1 22 27
U 1 23 28
U 1 25 29
U 1 18 30
U 2 01 31
U 1 45 32
U 1 44 33
U 1 42 34
U 2 37 35
U 2 38 36
U 2 24 37
U 1 26 38
U 1 35 39
U 2 23 40
U 1 05 01
U 1 03 02
U 1 17 03
U 1 31 04
U 1 32 05
U 1 44 06
U 1 45 07
U 1 34 08
U 1 12 09
U 1 02 10
U 1 22 11
U 1 23 12
U 1 04 13
U 1 18 14
U 1 19 15
U 1 20 16
U 1 27 17
U 1 24 18
U 1 25 19
U 1 10 20
U 1 26 21
U 1 33 22
U 1 07 23
U 1 08 24
U 1 09 25
U 1 14 26
U 1 15 27
U 1 16 28
U 1 11 29
U 1 42 30
U 1 13 31
U 1 21 32
U 1 28 33
U 1 39 34
U 1 40 35
U 1 41 36
U 1 30 37
U 1 35 38
U 1 36 39
U 1 38 40
U 2 34 01
U 1 45 02
U 1 18 03
U 1 11 04
U 2 27 05
U 1 28 06
U 2 26 07
U 1 17 08
U 1 35 09
U 1 31 10
U 2 24 11
U 2 05 12
U 2 05 13
U 2 11 14
U 1 21 15
U 2 06 16
U 1 27 17
U 2 14 18
U 1 41 19
U 1 25 20
U 2 25 21
U 2 10 22
U 1 23 23
U 2 15 24
U 2 19 25
U 1 32 01
U 1 40 02
U 1 25 03
U 2 01 04
U 2 12 05
U 2 28 06
U 2 33 07
U 2 05 08
U 1 20 09
U 1 23 10
U 2 41 11
U 1 18 12
U 1 01 13
U 2 26 14
U 2 04 15
U 1 12 16
U 1 08 17
U 1 15 18
U 2 27 19
U 2 10 20
U 1 22 21
U 2 06 22
U 1 11 23
U 1 02 24
U 1 19 25
U 1 21 26
U 2 38 27
U 2 25 28
U 2 28 29
U 1 27 30
U 1 30 31
U 1 45 32
U 1 42 33
U 2 24 34
U 2 37 35
U 1 44 36
U 1 26 37
U 2 23 38
U 1 35 39
U 1 06 40
U 1 11 01
U 2 27 02
U 2 06 03
U 1 07 04
U 2 34 05
U 2 30 06
U 1 15 07
U 2 11 08
U 1 05 09
U 2 38 10
U 2 03 11
U 2 15 12
U 1 20 13
U 1 26 14
U 1 44 15
U 1 34 16
U 1 31 17
U 1 28 18
U 1 22 19
U 1 03 20
U 2 37 21
U 2 29 22
U 2 26 23
U 2 24 24
U 2 22 25
U 2 17 26
U 2 16 27
U 2 09 28
U 2 05 29
U 2 01 30
U 1 11 01
U 1 18 02
U 1 45 03
U 1 07 04
U 2 06 05
U 2 34 06
U 2 30 07
U 1 36 08
U 2 11 09
U 2 25 10
U 1 30 11
U 1 16 12
U 1 13 13
U 2 17 14
U 1 10 15
U 2 03 16
U 2 22 17
U 2 05 18
U 2 24 19
U 2 07 20
U 1 32 21
U 1 09 22
U 1 24 23
U 2 29 24
U 1 05 25
U 1 44 26
U 1 02 27
U 1 01 28
U 1 46 29
U 2 18 30
U 1 19 31
U 2 20 32
U 2 35 33
U 2 31 34
U 2 36 35
U 1 38 36
U 1 12 37
U 1 28 38
U 1 26 39
U 1 31 40
