U 1 01 01 01 02 03 09 10 13 15 16 18 18 19 20 21 21 22 26 27 28 30 31 32 33 34 39
U 1 02 01 02 02 02 02 02 02 03 05 07 07 10 10 11 14 14 17 20 22 24 27 27 30 38
U 1 03 01 01 02 03 04 04 05 05 09 10 11 13 15 16 16 16 17 18 19 20 20 22 31 31 32 33 33 37
U 1 04 01 01 01 01 02 02 03 03 04 04 05 07 10 11 13 13 13 15 15 22 22 24 25 27 34
U 1 05 01 01 01 01 03 03 05 09 10 11 12 20 21 21 21 22 25 25
U 1 06 01 01 02 04 05 05 06 06 07 08 08 10 12 12 12 13 15 21 24 25 26 27 27 30 33 36 40
U 1 07 01 01 01 01 04 04 05 05 10 13 13 13 16 17 17 23 23 24 25 31 33
U 1 08 01 02 02 04 04 06 08 10 10 13 15 16 17 17 18 18 19 22 22 24 24 26 28 30 37
U 1 09 02 03 03 05 07 09 12 14 16 17 18 18 19 20 22 23 25 25 28 28 36 36
U 1 10 01 01 01 02 05 06 06 07 08 08 11 13 15 15 19 20 20 21 29
U 1 11 01 01 01 01 02 04 06 06 11 14 18 19 19 20 21 23 28 29 29 32 32
U 1 12 01 04 05 06 07 09 11 11 11 12 16 16 16 17 21 21 22 22 23 27 28 30 35 37 40
U 1 13 05 11 12 12 13 13 17 17 20 22 23 31 33
U 1 14 09 11 11 11 13 14 15 18 18 22 23 23 24 24 25 26 29
U 1 15 02 02 02 03 04 07 09 10 11 15 15 15 17 17 18 19 21 22 23 23 24 24 25 26 27 29 30 31 32 40 42
U 1 16 01 01 01 02 07 09 11 12 14 14 15 16 16 16 19 25 26 26 28 29 29 29 34
U 1 17 03 03 04 06 08 08 09 13 14 14 15 17 17 24 24 29 29 30 30 38
U 1 18 02 02 03 03 04 08 09 10 11 12 14 16 16 19 20 25 28 30 34 35
U 1 19 01 03 03 03 04 04 04 07 07 07 07 08 09 09 10 13 13 15 15 16 22 25 27 27 29 31 32 33 35 39
U 1 20 01 01 02 04 04 05 07 08 08 08 09 10 11 13 13 16 16 18 20 22 25 26 26 28 30 30 32 35
U 1 21 03 03 06 08 08 09 09 12 14 15 18 18 21 22 23 24 24 26 26 26 26 29 29 32 34 35 38 39 40
U 1 22 01 03 05 05 06 06 08 09 10 11 12 13 14 19 20 21 21 22 23 23 27 27 28 28 29 29
U 1 23 01 05 05 06 07 10 12 19 20 21 23 23 24 26 26 28 30
U 1 24 01 05 06 07 08 10 12 13 18 19 20 21 22 23 23 23 24 24 29 36
U 1 25 03 04 05 11 13 13 14 16 16 19 19 20 22 22 22 25 29 29 44
U 1 26 04 05 05 05 05 06 06 14 14 15 16 17 20 21 21 24 28 30 37 38 39
U 1 27 01 03 04 04 06 11 11 11 11 12 14 17 17 18 19 20 27 30 33 34 37
U 1 28 06 06 09 09 13 15 15 17 18 22 25 27 28 28 31 33 38 39
U 1 29 04 21 27 38
U 1 30 01 01 04 05 06 08 10 11 14 20 27 30 31 31 32 37
U 1 31 01 01 01 03 04 07 08 10 12 12 13 14 16 17 17 20 21 26 27 31 31 32 33 40
U 1 32 01 01 03 05 08 09 10 12 13 17 20 21 22 23 26 27 28 32 33 34
U 1 33 14 15 15 15 16 16 17 18 22 23 23 24 26
U 1 34 01 02 03 04 06 06 07 08 08 09 09 10 13 15 16 21 22 27 31 36 38 38
U 1 35 05 06 09 09 09 11 12 16 16 19 19 20 21 22 22 23 25 28 30 33 35 37 38 39 39 39
U 1 36 01 08 09 23 32 38 39 40
U 1 38 10 10 20 22 23 26 29 29 36 39 40 40
U 1 39 03 06 14 16 16 24 25 25 28 28 29 29 34 34 36 39
U 1 40 02 03 04 05 05 06 06 14 19 27 29 30 30 35
U 1 41 19 30 31 32 36
U 1 42 01 01 02 05 05 07 13 13 16 18 20 21 23 24 25 26 30 31 33 34 34 37 38
U 1 43 03
U 1 44 01 02 06 06 12 15 18 21 22 23 23 26 28 30 33 34 35 36 39
U 1 45 01 02 03 04 07 07 24 29 32 32 32 35 36 37
U 1 46 06 25 26 29
U 1 47 17
U 1 88 07
U 2 01 01 04 04 05 06 07 08 08 10 19 20 23 23 23 24 25 26 26 30 31
U 2 02 01 01 06 07 07 10 12 17 20 25 26 27 28 30 31
U 2 03 02 03 03 09 10 11 11 11 11 12 12 13 16 18 19 21 21 29 30 39
U 2 04 03 04 04 09 09 09 12 15 16 20 22 22 23 24 25 25 25 27 29 30 32 35
U 2 05 01 03 03 05 06 06 06 07 07 08 08 12 13 13 14 18 19 19 19 22 25 25 25 29 34 34 35
U 2 06 03 05 06 07 07 07 08 09 11 13 14 15 16 16 17 17 17 18 18 22 31 40
U 2 07 01 04 07 07 07 07 08 09 11 13 14 17 18 20 21 22 23 24 24 28 31
U 2 08 03 04 08 08 08 08 09 09 10 10 11 12 13 14 15 17 17 19 19 21 23 24
U 2 09 02 07 09 09 17 17 18 21 23 24 26 28 28 30 34
U 2 10 04 04 10 11 12 12 14 14 16 17 18 19 20 20 20 20 20 21 22 23 24 25 26 32 33 38
U 2 11 05 08 08 09 10 14 14 15 16 16 18 18 18 18 22 24 24 25 26 27 27 28 30
U 2 12 02 03 03 04 05 05 05 05 05 07 08 08 09 09 12 13 14 16 16 17 17 18 18 19 23 24 25 25 25 26 37 40
U 2 13 02 02 05 06 10 10 10 14 14 14 18 18 19 19 20 21 23 27 28 30 32 36 43
U 2 14 01 03 07 10 11 12 15 16 17 18 19 19 26 30 35 35
U 2 15 04 12 17 22 22 23 23 24 24 27 28 36 39
U 2 16 01 03 06 10 12 18 20 20 25 27 30 36 37 40
U 2 17 06 14 14 22 24 24 24 25 26 29 37
U 2 18 02 03 04 08 15 15 16 18 21 22 23 27 30 30 33
U 2 19 01 04 05 05 05 06 06 09 09 10 10 11 13 15 18 19 19 19 23 25 34
U 2 20 01 14 18 19 19 19 20 26 32 37 37
U 2 21 01 07 10 12 15 16 17 20 21 22 27 30
U 2 22 01 01 01 04 04 09 13 17 20 21 25 27 27 29 29 30 30 38
U 2 23 07 08 10 11 11 11 12 12 12 14 20 26 28 32 38 39 39 40
U 2 24 01 02 06 07 11 11 12 13 13 14 19 24 28 28 34 36 37
U 2 25 01 01 02 02 02 03 04 09 10 10 11 13 14 14 14 14 17 21 21 27 28 38 40
U 2 26 02 02 02 02 07 07 12 12 14 15 15 15 15 16 16 20 23 25 26 31 37
U 2 27 02 02 02 05 08 08 11 12 12 17 18 19 24 27 27 29 40 41
U 2 28 06 06 09 11 11 13 13 15 15 15 24 29 31
U 2 29 12 16 18 20 20 20 22 23 24 25 26 26 28 28 28 29 32
U 2 30 06 07 08 09 10 10 12 18 19 29 34
U 2 31 03 06 08 10 12 13 13 15 17 17 17 19 25 26 33 34 35 37 37 39 40
U 2 33 03 07 09 14 14 24 27 27 28 30 33
U 2 34 01 05 06 07 16 19 20 21 21 23 24 24 29
U 2 35 08 08 11 18 30 33 33 38
U 2 36 08 21 26 28 28 28 35 38 39 40
U 2 37 04 08 14 15 15 21 26 28 29 29 33 35 35 35
U 2 38 04 09 10 12 13 19 21 21 21 25 26 27 30 30 30 36 36 38 40 40
U 2 39 02 03 12 18 18 19 25 26 27 27 27 36 36
U 2 41 10 11 15 15 20 22 25 31
U 2 42 33
U 2 43 34
